1.650772e+003	1.650772e+003	1.650772e+003	
1.647400e+003	1.647400e+003	1.647400e+003	
1.658232e+003	1.658232e+003	1.658232e+003	
1.645993e+003	1.645993e+003	1.645993e+003	
1.650908e+003	1.650908e+003	1.650908e+003	
1.647691e+003	1.647691e+003	1.647691e+003	
1.648706e+003	1.648706e+003	1.648706e+003	
1.652826e+003	1.652826e+003	1.652826e+003	
1.651530e+003	1.651530e+003	1.651530e+003	
1.657327e+003	1.657327e+003	1.657327e+003	
1.650891e+003	1.650891e+003	1.650891e+003	
1.656263e+003	1.656263e+003	1.656263e+003	
1.652926e+003	1.652926e+003	1.652926e+003	
1.655108e+003	1.655108e+003	1.655108e+003	
1.651708e+003	1.651708e+003	1.651708e+003	
1.655388e+003	1.655388e+003	1.655388e+003	
1.648456e+003	1.648456e+003	1.648456e+003	
1.655445e+003	1.655445e+003	1.655445e+003	
1.658114e+003	1.658114e+003	1.658114e+003	
1.649548e+003	1.649548e+003	1.649548e+003	
1.650980e+003	1.650980e+003	1.650980e+003	
1.649788e+003	1.649788e+003	1.649788e+003	
1.645354e+003	1.645354e+003	1.645354e+003	
1.652626e+003	1.652626e+003	1.652626e+003	
1.655757e+003	1.655757e+003	1.655757e+003	
1.640738e+003	1.640738e+003	1.640738e+003	
1.645440e+003	1.645440e+003	1.645440e+003	
1.648260e+003	1.648260e+003	1.648260e+003	
1.646640e+003	1.646640e+003	1.646640e+003	
1.644702e+003	1.644702e+003	1.644702e+003	
1.642891e+003	1.642891e+003	1.642891e+003	
1.666978e+003	1.666978e+003	1.666978e+003	
1.652366e+003	1.652366e+003	1.652366e+003	
1.650397e+003	1.650397e+003	1.650397e+003	
1.656782e+003	1.656782e+003	1.656782e+003	
1.639298e+003	1.639298e+003	1.639298e+003	
1.645501e+003	1.645501e+003	1.645501e+003	
1.656042e+003	1.656042e+003	1.656042e+003	
1.653185e+003	1.653185e+003	1.653185e+003	
1.648473e+003	1.648473e+003	1.648473e+003	
1.653557e+003	1.653557e+003	1.653557e+003	
1.649235e+003	1.649235e+003	1.649235e+003	
1.659921e+003	1.659921e+003	1.659921e+003	
1.647824e+003	1.647824e+003	1.647824e+003	
1.641344e+003	1.641344e+003	1.641344e+003	
1.653697e+003	1.653697e+003	1.653697e+003	
1.655182e+003	1.655182e+003	1.655182e+003	
1.652408e+003	1.652408e+003	1.652408e+003	
1.652402e+003	1.652402e+003	1.652402e+003	
1.652599e+003	1.652599e+003	1.652599e+003	
1.655763e+003	1.655763e+003	1.655763e+003	
1.657184e+003	1.657184e+003	1.657184e+003	
1.646348e+003	1.646348e+003	1.646348e+003	
1.647773e+003	1.647773e+003	1.647773e+003	
1.652825e+003	1.652825e+003	1.652825e+003	
1.654484e+003	1.654484e+003	1.654484e+003	
1.652152e+003	1.652152e+003	1.652152e+003	
1.657987e+003	1.657987e+003	1.657987e+003	
1.655493e+003	1.655493e+003	1.655493e+003	
1.645518e+003	1.645518e+003	1.645518e+003	
1.653267e+003	1.653267e+003	1.653267e+003	
1.657478e+003	1.657478e+003	1.657478e+003	
1.659550e+003	1.659550e+003	1.659550e+003	
1.656260e+003	1.656260e+003	1.656260e+003	
1.652315e+003	1.652315e+003	1.652315e+003	
1.657020e+003	1.657020e+003	1.657020e+003	
1.652329e+003	1.652329e+003	1.652329e+003	
1.647804e+003	1.647804e+003	1.647804e+003	
1.653568e+003	1.653568e+003	1.653568e+003	
1.653157e+003	1.653157e+003	1.653157e+003	
1.646184e+003	1.646184e+003	1.646184e+003	
1.648266e+003	1.648266e+003	1.648266e+003	
1.650690e+003	1.650690e+003	1.650690e+003	
1.652975e+003	1.652975e+003	1.652975e+003	
1.653795e+003	1.653795e+003	1.653795e+003	
1.650456e+003	1.650456e+003	1.650456e+003	
1.654488e+003	1.654488e+003	1.654488e+003	
1.652919e+003	1.652919e+003	1.652919e+003	
1.649913e+003	1.649913e+003	1.649913e+003	
1.649840e+003	1.649840e+003	1.649840e+003	
1.656382e+003	1.656382e+003	1.656382e+003	
1.650288e+003	1.650288e+003	1.650288e+003	
1.645000e+003	1.645000e+003	1.645000e+003	
1.648974e+003	1.648974e+003	1.648974e+003	
1.651162e+003	1.651162e+003	1.651162e+003	
1.642941e+003	1.642941e+003	1.642941e+003	
1.649424e+003	1.649424e+003	1.649424e+003	
1.648189e+003	1.648189e+003	1.648189e+003	
1.644652e+003	1.644652e+003	1.644652e+003	
1.662617e+003	1.662617e+003	1.662617e+003	
1.649162e+003	1.649162e+003	1.649162e+003	
1.653538e+003	1.653538e+003	1.653538e+003	
1.652101e+003	1.652101e+003	1.652101e+003	
1.657890e+003	1.657890e+003	1.657890e+003	
1.656416e+003	1.656416e+003	1.656416e+003	
1.650083e+003	1.650083e+003	1.650083e+003	
1.647207e+003	1.647207e+003	1.647207e+003	
1.656887e+003	1.656887e+003	1.656887e+003	
1.642588e+003	1.642588e+003	1.642588e+003	
1.652295e+003	1.652295e+003	1.652295e+003	
1.649852e+003	1.649852e+003	1.649852e+003	
1.658110e+003	1.658110e+003	1.658110e+003	
1.649931e+003	1.649931e+003	1.649931e+003	
1.656125e+003	1.656125e+003	1.656125e+003	
1.644093e+003	1.644093e+003	1.644093e+003	
1.656135e+003	1.656135e+003	1.656135e+003	
1.650990e+003	1.650990e+003	1.650990e+003	
1.649027e+003	1.649027e+003	1.649027e+003	
1.647131e+003	1.647131e+003	1.647131e+003	
1.646901e+003	1.646901e+003	1.646901e+003	
1.655792e+003	1.655792e+003	1.655792e+003	
1.648990e+003	1.648990e+003	1.648990e+003	
1.654383e+003	1.654383e+003	1.654383e+003	
1.651717e+003	1.651717e+003	1.651717e+003	
1.652336e+003	1.652336e+003	1.652336e+003	
1.646680e+003	1.646680e+003	1.646680e+003	
1.651367e+003	1.651367e+003	1.651367e+003	
1.645507e+003	1.645507e+003	1.645507e+003	
1.651790e+003	1.651790e+003	1.651790e+003	
1.664171e+003	1.664171e+003	1.664171e+003	
1.654364e+003	1.654364e+003	1.654364e+003	
1.640119e+003	1.640119e+003	1.640119e+003	
1.653176e+003	1.653176e+003	1.653176e+003	
1.653739e+003	1.653739e+003	1.653739e+003	
1.641149e+003	1.641149e+003	1.641149e+003	
1.649999e+003	1.649999e+003	1.649999e+003	
1.651552e+003	1.651552e+003	1.651552e+003	
1.651998e+003	1.651998e+003	1.651998e+003	
1.648116e+003	1.648116e+003	1.648116e+003	
1.650001e+003	1.650001e+003	1.650001e+003	
1.649896e+003	1.649896e+003	1.649896e+003	
1.650274e+003	1.650274e+003	1.650274e+003	
1.652732e+003	1.652732e+003	1.652732e+003	
1.643075e+003	1.643075e+003	1.643075e+003	
1.645467e+003	1.645467e+003	1.645467e+003	
1.653729e+003	1.653729e+003	1.653729e+003	
1.655082e+003	1.655082e+003	1.655082e+003	
1.656945e+003	1.656945e+003	1.656945e+003	
1.654321e+003	1.654321e+003	1.654321e+003	
1.649398e+003	1.649398e+003	1.649398e+003	
1.657143e+003	1.657143e+003	1.657143e+003	
1.655157e+003	1.655157e+003	1.655157e+003	
1.649105e+003	1.649105e+003	1.649105e+003	
1.649604e+003	1.649604e+003	1.649604e+003	
1.649034e+003	1.649034e+003	1.649034e+003	
1.651127e+003	1.651127e+003	1.651127e+003	
1.645583e+003	1.645583e+003	1.645583e+003	
1.650468e+003	1.650468e+003	1.650468e+003	
